m_preprocess(0, 0) = 808529968
m_preprocess(0, 1) = 808464432
m_preprocess(0, 2) = 942760804
m_preprocess(0, 3) = 808608098
m_preprocess(0, 4) = 929379638
m_preprocess(0, 5) = 962934882
m_preprocess(0, 6) = 1667512627
m_preprocess(0, 7) = 825713970
m_preprocess(0, 8) = 1717909817
m_preprocess(0, 9) = 1714578533
m_preprocess(0, 10) = 875848756
m_preprocess(0, 11) = 962683442
m_preprocess(0, 12) = 1647851573
m_preprocess(0, 13) = 828530996
m_preprocess(0, 14) = 1630744632
m_preprocess(0, 15) = 808464432
m_preprocess(0, 16) = 4261638259 1714578533 1785358954 808529968
m_preprocess(0, 17) = 504500754 875848756 2544844966 808464432
m_preprocess(0, 18) = 2590545129 962683442 1514054882 942760804
m_preprocess(0, 19) = 1332414255 1647851573 667934997 808608098
m_preprocess(0, 20) = 3225751972 828530996 2370233125 929379638
m_preprocess(0, 21) = 1892977798 1630744632 1692833677 962934882
m_preprocess(0, 22) = 3033676033 808464432 3137867297 1667512627
m_preprocess(0, 23) = 3084845760 4275138418 810431692 825713970
m_preprocess(0, 24) = 2387802742 438691612 1595109832 1717909817
m_preprocess(0, 25) = 3348628126 1715076961 2011425091 1714578533
m_preprocess(0, 26) = 4156598053 161841627 1003643098 875848756
m_preprocess(0, 27) = 774217370 3058928435 1754148856 962683442
m_preprocess(0, 28) = 3940199840 1884523693 4127425724 1647851573
m_preprocess(0, 29) = 1252305367 57585797 2968131627 828530996
m_preprocess(0, 30) = 3310638500 406195248 1785358954 1630744632
m_preprocess(0, 31) = 329705936 1844546707 2717593732 808464432
m_preprocess(0, 32) = 27248712 199774119 1119351204 4275138418
m_preprocess(0, 33) = 2440934252 1902964238 2983400860 438691612
m_preprocess(0, 34) = 2477902388 2255010807 3612424529 1715076961
m_preprocess(0, 35) = 3169617482 3010066238 2473212900 161841627
m_preprocess(0, 36) = 1755375689 811586491 3082914456 3058928435
m_preprocess(0, 37) = 3670556305 2837970038 2789886890 1884523693
m_preprocess(0, 38) = 1390388764 1405343511 3761941395 57585797
m_preprocess(0, 39) = 3420601746 1326545157 1212221943 406195248
m_preprocess(0, 40) = 4155385689 3471023666 1552096145 1844546707
m_preprocess(0, 41) = 1070999659 1470480093 692901958 199774119
m_preprocess(0, 42) = 4215700280 224803655 3510380435 1902964238
m_preprocess(0, 43) = 2790224781 118870479 381960659 2255010807
m_preprocess(0, 44) = 1602681267 2593002334 2223344071 3010066238
m_preprocess(0, 45) = 1776633995 2320292171 124459583 811586491
m_preprocess(0, 46) = 3603258977 2070596798 3508152764 2837970038
m_preprocess(0, 47) = 639168450 2433117615 1564302870 1405343511
m_preprocess(0, 48) = 1655816995 3434155829 2613905218 1326545157
m_preprocess(0, 49) = 1527181616 1263914016 3756829007 3471023666
m_preprocess(0, 50) = 2199584316 1251099430 23578695 1470480093
m_preprocess(0, 51) = 585616242 839159318 3936309343 224803655
m_preprocess(0, 52) = 1029339448 738004944 716404974 118870479
m_preprocess(0, 53) = 3458323359 3430043985 2953830408 2593002334
m_preprocess(0, 54) = 1941747392 1746965150 3233026772 2320292171
m_preprocess(0, 55) = 1327030969 440488607 3597215023 2070596798
m_preprocess(0, 56) = 3692593209 1429013713 834810068 2433117615
m_preprocess(0, 57) = 3613696379 649775238 989069513 3434155829
m_preprocess(0, 58) = 3582609166 1290921262 3574529606 1263914016
m_preprocess(0, 59) = 3015775044 2602619845 161551455 1251099430
m_preprocess(0, 60) = 1704317201 3845265494 3873198362 839159318
m_preprocess(0, 61) = 951992487 652096893 776134036 738004944
m_preprocess(0, 62) = 2101458835 3140364101 359909758 3430043985
m_preprocess(0, 63) = 3181067469 4094567309 1775988326 1746965150
m_preprocess(1, 0) = 808464432
m_preprocess(1, 1) = 808464432
m_preprocess(1, 2) = 1697854000
m_preprocess(1, 3) = 1647731506
m_preprocess(1, 4) = 1717986915
m_preprocess(1, 5) = 946091829
m_preprocess(1, 6) = 808727091
m_preprocess(1, 7) = 1684158562
m_preprocess(1, 8) = 828727865
m_preprocess(1, 9) = 875716965
m_preprocess(1, 10) = 925970533
m_preprocess(1, 11) = 959787365
m_preprocess(1, 12) = 1681340727
m_preprocess(1, 13) = 1714905446
m_preprocess(1, 14) = 1717778488
m_preprocess(1, 15) = 959603248
m_preprocess(1, 16) = 4211255091 875716965 1785358954 808464432
m_preprocess(1, 17) = 2102417191 925970533 2699041134 808464432
m_preprocess(1, 18) = 634211894 959787365 4031658029 1697854000
m_preprocess(1, 19) = 3532748302 1681340727 1402526105 1647731506
m_preprocess(1, 20) = 2314103851 1714905446 1622212753 1717986915
m_preprocess(1, 21) = 196169250 1717778488 1827283503 946091829
m_preprocess(1, 22) = 1023386164 959603248 1180441188 808727091
m_preprocess(1, 23) = 875368938 3385828146 750791386 1684158562
m_preprocess(1, 24) = 1650047853 2240925994 1421305314 828727865
m_preprocess(1, 25) = 1862570410 3028543992 2156988832 875716965
m_preprocess(1, 26) = 550828240 3969379344 2165146115 925970533
m_preprocess(1, 27) = 2410743253 3074241669 2885898329 959787365
m_preprocess(1, 28) = 3111915653 392355774 408099683 1681340727
m_preprocess(1, 29) = 2307136056 3972157691 2987309295 1714905446
m_preprocess(1, 30) = 2330350920 2401179736 4292355790 1717778488
m_preprocess(1, 31) = 3528914358 1846039730 2489768275 959603248
m_preprocess(1, 32) = 2145878043 3628852903 838056163 3385828146
m_preprocess(1, 33) = 1380686178 3316356936 495409100 2240925994
m_preprocess(1, 34) = 3106258485 740736024 3343903103 3028543992
m_preprocess(1, 35) = 667586300 1298744541 1353232694 3969379344
m_preprocess(1, 36) = 792917159 2391573896 3375176592 3074241669
m_preprocess(1, 37) = 3061887592 2151730342 2122265998 392355774
m_preprocess(1, 38) = 3697612457 234391019 1726742268 3972157691
m_preprocess(1, 39) = 3096778528 1408680663 2083619261 2401179736
m_preprocess(1, 40) = 2346416703 3138410912 2903514379 1846039730
m_preprocess(1, 41) = 3028450824 1629507012 1827411117 3628852903
m_preprocess(1, 42) = 2858761299 2993975583 2598015474 3316356936
m_preprocess(1, 43) = 996315271 1043974724 3791694152 740736024
m_preprocess(1, 44) = 296525553 3433272410 565094937 1298744541
m_preprocess(1, 45) = 2553365481 1040968843 1847670813 2391573896
m_preprocess(1, 46) = 360437009 400323596 4141753032 2151730342
m_preprocess(1, 47) = 721119635 1644447132 342679842 234391019
m_preprocess(1, 48) = 2071837563 1524287264 1081869635 1408680663
m_preprocess(1, 49) = 703732507 3177174700 2543276395 3138410912
m_preprocess(1, 50) = 3424037614 2277752875 896371292 1629507012
m_preprocess(1, 51) = 4261225892 1298670145 4247405906 2993975583
m_preprocess(1, 52) = 700535401 3538611737 1226540683 1043974724
m_preprocess(1, 53) = 2162123294 2759276683 3936331210 3433272410
m_preprocess(1, 54) = 4205048548 2942637628 131543966 1040968843
m_preprocess(1, 55) = 3502797738 1791707829 635672761 400323596
m_preprocess(1, 56) = 2444636417 972659922 4196858844 1644447132
m_preprocess(1, 57) = 2632509297 3932701497 3145361967 1524287264
m_preprocess(1, 58) = 3863282133 4211342934 3086818933 3177174700
m_preprocess(1, 59) = 3869545713 2214695249 2208794454 2277752875
m_preprocess(1, 60) = 1142556923 3701069005 2457795749 1298670145
m_preprocess(1, 61) = 2604945809 4025231689 3454328957 3538611737
m_preprocess(1, 62) = 566421217 2035534628 691880754 2759276683
m_preprocess(1, 63) = 765268882 668667723 3038881137 2942637628
m_preprocess(2, 0) = 1714513507
m_preprocess(2, 1) = 825373282
m_preprocess(2, 2) = 1664575029
m_preprocess(2, 3) = 1681339492
m_preprocess(2, 4) = 1714577977
m_preprocess(2, 5) = 875835745
m_preprocess(2, 6) = 875716913
m_preprocess(2, 7) = 875968821
m_preprocess(2, 8) = 808529968
m_preprocess(2, 9) = 808464432
m_preprocess(2, 10) = 942760804
m_preprocess(2, 11) = 808608098
m_preprocess(2, 12) = 929379638
m_preprocess(2, 13) = 962934882
m_preprocess(2, 14) = 1667512627
m_preprocess(2, 15) = 825713970
m_preprocess(2, 16) = 2611414224 808464432 1323085412 1714513507
m_preprocess(2, 17) = 1580405604 942760804 3207453383 825373282
m_preprocess(2, 18) = 234555708 808608098 156733929 1664575029
m_preprocess(2, 19) = 3517399706 929379638 3867439375 1681339492
m_preprocess(2, 20) = 3173216017 962934882 3367412547 1714577977
m_preprocess(2, 21) = 220017050 1667512627 4238501352 875835745
m_preprocess(2, 22) = 3823315581 825713970 3802392153 875716913
m_preprocess(2, 23) = 23188103 2162510279 711608426 875968821
m_preprocess(2, 24) = 1903250611 2261025777 1785358954 808529968
m_preprocess(2, 25) = 1030976904 2864472764 2544844966 808464432
m_preprocess(2, 26) = 2564566888 1405623619 1514054882 942760804
m_preprocess(2, 27) = 1300368852 628206831 667934997 808608098
m_preprocess(2, 28) = 2700694909 2706899478 2370233125 929379638
m_preprocess(2, 29) = 1091076443 737204025 1692833677 962934882
m_preprocess(2, 30) = 436960506 3773275629 3137867297 1667512627
m_preprocess(2, 31) = 827536768 2463198014 3446440850 825713970
m_preprocess(2, 32) = 1566357596 2953791770 3542710472 2162510279
m_preprocess(2, 33) = 1438747423 2132038897 1957551677 2261025777
m_preprocess(2, 34) = 983188003 3405118778 2341357408 2864472764
m_preprocess(2, 35) = 694984765 117272558 2984189848 1405623619
m_preprocess(2, 36) = 698174508 189081731 971773968 628206831
m_preprocess(2, 37) = 2402179481 425681467 1122480565 2706899478
m_preprocess(2, 38) = 466061478 3267922306 547767487 737204025
m_preprocess(2, 39) = 438240420 1635435525 900737797 3773275629
m_preprocess(2, 40) = 1927207228 3494396478 4045888434 2463198014
m_preprocess(2, 41) = 4208604986 1004202361 4162911730 2953791770
m_preprocess(2, 42) = 222952596 907103494 327542496 2132038897
m_preprocess(2, 43) = 522169847 2487237038 2267666077 3405118778
m_preprocess(2, 44) = 1915612453 2362273695 1298066832 117272558
m_preprocess(2, 45) = 718331390 723988000 2912392404 189081731
m_preprocess(2, 46) = 712881711 2452722075 1069297809 425681467
m_preprocess(2, 47) = 4254569346 3340755562 3085759830 3267922306
m_preprocess(2, 48) = 907852522 3739576255 1998990545 1635435525
m_preprocess(2, 49) = 3841278822 3589637483 1330816523 3494396478
m_preprocess(2, 50) = 3958072225 92257148 1508869822 1004202361
m_preprocess(2, 51) = 1855494014 1398258242 1103831638 907103494
m_preprocess(2, 52) = 1986076191 248826229 1969738783 2487237038
m_preprocess(2, 53) = 4171491567 365615766 2394595665 2362273695
m_preprocess(2, 54) = 1144996296 1064105156 1090827676 723988000
m_preprocess(2, 55) = 2965261424 3986887551 905409102 2452722075
m_preprocess(2, 56) = 240557073 3666194714 1032753537 3340755562
m_preprocess(2, 57) = 2106498316 2268434260 2890903258 3739576255
m_preprocess(2, 58) = 949144004 969720092 377096518 3589637483
m_preprocess(2, 59) = 2298480723 2396910945 1616694505 92257148
m_preprocess(2, 60) = 1877817208 704042101 3650777865 1398258242
m_preprocess(2, 61) = 332464075 4023917128 2553760661 248826229
m_preprocess(2, 62) = 3683307071 1720345560 2996979882 365615766
m_preprocess(2, 63) = 843566407 3985293590 649125665 1064105156
m_preprocess(3, 0) = 1717909817
m_preprocess(3, 1) = 1714578533
m_preprocess(3, 2) = 875848756
m_preprocess(3, 3) = 962683442
m_preprocess(3, 4) = 1647851573
m_preprocess(3, 5) = 828530996
m_preprocess(3, 6) = 1630744632
m_preprocess(3, 7) = 808464432
m_preprocess(3, 8) = 808464432
m_preprocess(3, 9) = 808464432
m_preprocess(3, 10) = 1697854000
m_preprocess(3, 11) = 1647731506
m_preprocess(3, 12) = 1717986915
m_preprocess(3, 13) = 946091829
m_preprocess(3, 14) = 808727091
m_preprocess(3, 15) = 1684158562
m_preprocess(3, 16) = 2673079056 808464432 1595109832 1717909817
m_preprocess(3, 17) = 1529112115 1697854000 2011425091 1714578533
m_preprocess(3, 18) = 4274898898 1647731506 1003643098 875848756
m_preprocess(3, 19) = 1340286850 1717986915 1754148856 962683442
m_preprocess(3, 20) = 641691672 946091829 4127425724 1647851573
m_preprocess(3, 21) = 3020966227 808727091 2968131627 828530996
m_preprocess(3, 22) = 1588935277 1684158562 1785358954 1630744632
m_preprocess(3, 23) = 1692401575 2499595841 1785358954 808464432
m_preprocess(3, 24) = 657808335 2658002443 1785358954 808464432
m_preprocess(3, 25) = 1500775791 3507154962 2699041134 808464432
m_preprocess(3, 26) = 1437381486 1480138767 4031658029 1697854000
m_preprocess(3, 27) = 2018697593 3068093502 1402526105 1647731506
m_preprocess(3, 28) = 2035718160 3331388645 1622212753 1717986915
m_preprocess(3, 29) = 4045958720 2394230129 1827283503 946091829
m_preprocess(3, 30) = 2810715164 2490853506 1180441188 808727091
m_preprocess(3, 31) = 2418113733 1614666868 2720400747 1684158562
m_preprocess(3, 32) = 311479522 4220469023 2104721558 2499595841
m_preprocess(3, 33) = 962468938 57097690 2206728096 2658002443
m_preprocess(3, 34) = 641675340 3842081410 1572110415 3507154962
m_preprocess(3, 35) = 4161399365 117371881 2998534136 1480138767
m_preprocess(3, 36) = 368900680 623629589 3999682257 3068093502
m_preprocess(3, 37) = 2162055997 2995769653 2979506201 3331388645
m_preprocess(3, 38) = 2437150618 4142372614 3448153820 2394230129
m_preprocess(3, 39) = 3183256843 546331352 2480592953 2490853506
m_preprocess(3, 40) = 1225938799 1589329871 4014016382 1614666868
m_preprocess(3, 41) = 1214080076 973087535 2065475865 4220469023
m_preprocess(3, 42) = 2999170641 167509557 2043316757 57097690
m_preprocess(3, 43) = 2584855038 3765338732 1848140325 3842081410
m_preprocess(3, 44) = 2444904345 2878785904 3685377090 117371881
m_preprocess(3, 45) = 1369028074 3831972589 2306443559 623629589
m_preprocess(3, 46) = 2042327704 111100062 4142956663 2995769653
m_preprocess(3, 47) = 3780290386 4148984624 2732925898 4142372614
m_preprocess(3, 48) = 3806799639 4178145203 1520027176 546331352
m_preprocess(3, 49) = 2501897615 972127349 1375718051 1589329871
m_preprocess(3, 50) = 218736579 3450480913 2493631044 973087535
m_preprocess(3, 51) = 3031040770 536504628 1700148562 167509557
m_preprocess(3, 52) = 1757508847 3836106515 1182391897 3765338732
m_preprocess(3, 53) = 2621043746 702219490 402612161 2878785904
m_preprocess(3, 54) = 333856937 1919671634 3975763765 3831972589
m_preprocess(3, 55) = 4118683432 1461368778 1640704579 111100062
m_preprocess(3, 56) = 186183041 2144105590 591380843 4148984624
m_preprocess(3, 57) = 3372150001 2840968775 2991620874 4178145203
m_preprocess(3, 58) = 4239546993 1140236221 2959761946 972127349
m_preprocess(3, 59) = 2638431941 1951411399 4052598282 3450480913
m_preprocess(3, 60) = 4148425172 2309694005 2929295205 536504628
m_preprocess(3, 61) = 3325239466 1471330333 5266659 3836106515
m_preprocess(3, 62) = 567709326 3036889555 1576874122 702219490
m_preprocess(3, 63) = 3620312598 2775686802 868218448 1919671634
m_preprocess(0, 0) = 828727865
m_preprocess(0, 1) = 875716965
m_preprocess(0, 2) = 925970533
m_preprocess(0, 3) = 959787365
m_preprocess(0, 4) = 1681340727
m_preprocess(0, 5) = 1714905446
m_preprocess(0, 6) = 1717778488
m_preprocess(0, 7) = 959603248
m_preprocess(0, 8) = 1714513507
m_preprocess(0, 9) = 825373282
m_preprocess(0, 10) = 1664575029
m_preprocess(0, 11) = 1681339492
m_preprocess(0, 12) = 1714577977
m_preprocess(0, 13) = 875835745
m_preprocess(0, 14) = 875716913
m_preprocess(0, 15) = 875968821
m_preprocess(0, 16) = 2092150791 825373282 1421305314 828727865
m_preprocess(0, 17) = 3685822739 1664575029 2156988832 875716965
m_preprocess(0, 18) = 2071595 1681339492 2165146115 925970533
m_preprocess(0, 19) = 2169744547 1714577977 2885898329 959787365
m_preprocess(0, 20) = 1898072248 875835745 408099683 1681340727
m_preprocess(0, 21) = 2590838892 875716913 2987309295 1714905446
m_preprocess(0, 22) = 2122812671 875968821 4292355790 1717778488
m_preprocess(0, 23) = 1958647500 872589956 2475857804 959603248
m_preprocess(0, 24) = 3057414442 4088136269 1323085412 1714513507
m_preprocess(0, 25) = 3673871869 479560439 3207453383 825373282
m_preprocess(0, 26) = 2500811015 3435040922 156733929 1664575029
m_preprocess(0, 27) = 1073001247 568381107 3867439375 1681339492
m_preprocess(0, 28) = 3973810653 3873803250 3367412547 1714577977
m_preprocess(0, 29) = 3076605843 418981178 4238501352 875835745
m_preprocess(0, 30) = 1322011526 1971731212 3802392153 875716913
m_preprocess(0, 31) = 2726923519 1593215038 2756271365 875968821
m_preprocess(0, 32) = 2130394306 3891291677 2231477414 872589956
m_preprocess(0, 33) = 551774250 3462193599 2367052926 4088136269
m_preprocess(0, 34) = 121788406 2895193925 2284330013 479560439
m_preprocess(0, 35) = 22066859 44702539 1372786739 3435040922
m_preprocess(0, 36) = 2901959453 19989526 2616050640 568381107
m_preprocess(0, 37) = 3073463819 3676884508 1046499539 3873803250
m_preprocess(0, 38) = 66520443 3657411447 2560153206 418981178
m_preprocess(0, 39) = 4597028 535818761 3580668842 1971731212
m_preprocess(0, 40) = 1139209246 1879222452 1052153331 1593215038
m_preprocess(0, 41) = 1633096398 1485905487 1580783203 3891291677
m_preprocess(0, 42) = 2331354967 579629763 3608833410 3462193599
m_preprocess(0, 43) = 2608669777 1811413430 277010421 2895193925
m_preprocess(0, 44) = 2576514425 3080716524 1830929094 44702539
m_preprocess(0, 45) = 2906257554 2408098978 290750101 19989526
m_preprocess(0, 46) = 3850733559 1797848547 508689479 3676884508
m_preprocess(0, 47) = 386374724 1368832771 3980420702 3657411447
m_preprocess(0, 48) = 2181793285 1142173 3436006471 535818761
m_preprocess(0, 49) = 4188431758 1392077147 3526416337 1879222452
m_preprocess(0, 50) = 1591528506 3297320257 2661572126 1485905487
m_preprocess(0, 51) = 3464045152 3237895286 2680457784 579629763
m_preprocess(0, 52) = 3729762503 1330128863 3483397620 1811413430
m_preprocess(0, 53) = 847704259 1244221501 2143725359 3080716524
m_preprocess(0, 54) = 456684976 803105052 4106982541 2408098978
m_preprocess(0, 55) = 2843978035 1859793394 2723229299 1797848547
m_preprocess(0, 56) = 3962651807 2396213102 1634029420 1368832771
m_preprocess(0, 57) = 56328278 446391784 3870034759 1142173
m_preprocess(0, 58) = 1559892711 1372093393 3695722672 1392077147
m_preprocess(0, 59) = 2759094235 1764767824 1652786953 3297320257
m_preprocess(0, 60) = 2605585868 3021400347 3196077926 3237895286
m_preprocess(0, 61) = 2411270301 3479904251 668871213 1330128863
m_preprocess(0, 62) = 2768905797 634914683 2816702982 1244221501
m_preprocess(0, 63) = 288580428 771792508 1702521323 803105052
m_preprocess(1, 0) = 808529968
m_preprocess(1, 1) = 808464432
m_preprocess(1, 2) = 942760804
m_preprocess(1, 3) = 808608098
m_preprocess(1, 4) = 929379638
m_preprocess(1, 5) = 962934882
m_preprocess(1, 6) = 1667512627
m_preprocess(1, 7) = 825713970
m_preprocess(1, 8) = 1717909817
m_preprocess(1, 9) = 1714578533
m_preprocess(1, 10) = 875848756
m_preprocess(1, 11) = 962683442
m_preprocess(1, 12) = 1647851573
m_preprocess(1, 13) = 828530996
m_preprocess(1, 14) = 1630744632
m_preprocess(1, 15) = 808464432
m_preprocess(1, 16) = 4261638259 1714578533 1785358954 808529968
m_preprocess(1, 17) = 504500754 875848756 2544844966 808464432
m_preprocess(1, 18) = 2590545129 962683442 1514054882 942760804
m_preprocess(1, 19) = 1332414255 1647851573 667934997 808608098
m_preprocess(1, 20) = 3225751972 828530996 2370233125 929379638
m_preprocess(1, 21) = 1892977798 1630744632 1692833677 962934882
m_preprocess(1, 22) = 3033676033 808464432 3137867297 1667512627
m_preprocess(1, 23) = 3084845760 4275138418 810431692 825713970
m_preprocess(1, 24) = 2387802742 438691612 1595109832 1717909817
m_preprocess(1, 25) = 3348628126 1715076961 2011425091 1714578533
m_preprocess(1, 26) = 4156598053 161841627 1003643098 875848756
m_preprocess(1, 27) = 774217370 3058928435 1754148856 962683442
m_preprocess(1, 28) = 3940199840 1884523693 4127425724 1647851573
m_preprocess(1, 29) = 1252305367 57585797 2968131627 828530996
m_preprocess(1, 30) = 3310638500 406195248 1785358954 1630744632
m_preprocess(1, 31) = 329705936 1844546707 2717593732 808464432
m_preprocess(1, 32) = 27248712 199774119 1119351204 4275138418
m_preprocess(1, 33) = 2440934252 1902964238 2983400860 438691612
m_preprocess(1, 34) = 2477902388 2255010807 3612424529 1715076961
m_preprocess(1, 35) = 3169617482 3010066238 2473212900 161841627
m_preprocess(1, 36) = 1755375689 811586491 3082914456 3058928435
m_preprocess(1, 37) = 3670556305 2837970038 2789886890 1884523693
m_preprocess(1, 38) = 1390388764 1405343511 3761941395 57585797
m_preprocess(1, 39) = 3420601746 1326545157 1212221943 406195248
m_preprocess(1, 40) = 4155385689 3471023666 1552096145 1844546707
m_preprocess(1, 41) = 1070999659 1470480093 692901958 199774119
m_preprocess(1, 42) = 4215700280 224803655 3510380435 1902964238
m_preprocess(1, 43) = 2790224781 118870479 381960659 2255010807
m_preprocess(1, 44) = 1602681267 2593002334 2223344071 3010066238
m_preprocess(1, 45) = 1776633995 2320292171 124459583 811586491
m_preprocess(1, 46) = 3603258977 2070596798 3508152764 2837970038
m_preprocess(1, 47) = 639168450 2433117615 1564302870 1405343511
m_preprocess(1, 48) = 1655816995 3434155829 2613905218 1326545157
m_preprocess(1, 49) = 1527181616 1263914016 3756829007 3471023666
m_preprocess(1, 50) = 2199584316 1251099430 23578695 1470480093
m_preprocess(1, 51) = 585616242 839159318 3936309343 224803655
m_preprocess(1, 52) = 1029339448 738004944 716404974 118870479
m_preprocess(1, 53) = 3458323359 3430043985 2953830408 2593002334
m_preprocess(1, 54) = 1941747392 1746965150 3233026772 2320292171
m_preprocess(1, 55) = 1327030969 440488607 3597215023 2070596798
m_preprocess(1, 56) = 3692593209 1429013713 834810068 2433117615
m_preprocess(1, 57) = 3613696379 649775238 989069513 3434155829
m_preprocess(1, 58) = 3582609166 1290921262 3574529606 1263914016
m_preprocess(1, 59) = 3015775044 2602619845 161551455 1251099430
m_preprocess(1, 60) = 1704317201 3845265494 3873198362 839159318
m_preprocess(1, 61) = 951992487 652096893 776134036 738004944
m_preprocess(1, 62) = 2101458835 3140364101 359909758 3430043985
m_preprocess(1, 63) = 3181067469 4094567309 1775988326 1746965150
m_preprocess(2, 0) = 808464432
m_preprocess(2, 1) = 808464432
m_preprocess(2, 2) = 1697854000
m_preprocess(2, 3) = 1647731506
m_preprocess(2, 4) = 1717986915
m_preprocess(2, 5) = 946091829
m_preprocess(2, 6) = 808727091
m_preprocess(2, 7) = 1684158562
m_preprocess(2, 8) = 828727865
m_preprocess(2, 9) = 875716965
m_preprocess(2, 10) = 925970533
m_preprocess(2, 11) = 959787365
m_preprocess(2, 12) = 1681340727
m_preprocess(2, 13) = 1714905446
m_preprocess(2, 14) = 1717778488
m_preprocess(2, 15) = 959603248
m_preprocess(2, 16) = 4211255091 875716965 1785358954 808464432
m_preprocess(2, 17) = 2102417191 925970533 2699041134 808464432
m_preprocess(2, 18) = 634211894 959787365 4031658029 1697854000
m_preprocess(2, 19) = 3532748302 1681340727 1402526105 1647731506
m_preprocess(2, 20) = 2314103851 1714905446 1622212753 1717986915
m_preprocess(2, 21) = 196169250 1717778488 1827283503 946091829
m_preprocess(2, 22) = 1023386164 959603248 1180441188 808727091
m_preprocess(2, 23) = 875368938 3385828146 750791386 1684158562
m_preprocess(2, 24) = 1650047853 2240925994 1421305314 828727865
m_preprocess(2, 25) = 1862570410 3028543992 2156988832 875716965
m_preprocess(2, 26) = 550828240 3969379344 2165146115 925970533
m_preprocess(2, 27) = 2410743253 3074241669 2885898329 959787365
m_preprocess(2, 28) = 3111915653 392355774 408099683 1681340727
m_preprocess(2, 29) = 2307136056 3972157691 2987309295 1714905446
m_preprocess(2, 30) = 2330350920 2401179736 4292355790 1717778488
m_preprocess(2, 31) = 3528914358 1846039730 2489768275 959603248
m_preprocess(2, 32) = 2145878043 3628852903 838056163 3385828146
m_preprocess(2, 33) = 1380686178 3316356936 495409100 2240925994
m_preprocess(2, 34) = 3106258485 740736024 3343903103 3028543992
m_preprocess(2, 35) = 667586300 1298744541 1353232694 3969379344
m_preprocess(2, 36) = 792917159 2391573896 3375176592 3074241669
m_preprocess(2, 37) = 3061887592 2151730342 2122265998 392355774
m_preprocess(2, 38) = 3697612457 234391019 1726742268 3972157691
m_preprocess(2, 39) = 3096778528 1408680663 2083619261 2401179736
m_preprocess(2, 40) = 2346416703 3138410912 2903514379 1846039730
m_preprocess(2, 41) = 3028450824 1629507012 1827411117 3628852903
m_preprocess(2, 42) = 2858761299 2993975583 2598015474 3316356936
m_preprocess(2, 43) = 996315271 1043974724 3791694152 740736024
m_preprocess(2, 44) = 296525553 3433272410 565094937 1298744541
m_preprocess(2, 45) = 2553365481 1040968843 1847670813 2391573896
m_preprocess(2, 46) = 360437009 400323596 4141753032 2151730342
m_preprocess(2, 47) = 721119635 1644447132 342679842 234391019
m_preprocess(2, 48) = 2071837563 1524287264 1081869635 1408680663
m_preprocess(2, 49) = 703732507 3177174700 2543276395 3138410912
m_preprocess(2, 50) = 3424037614 2277752875 896371292 1629507012
m_preprocess(2, 51) = 4261225892 1298670145 4247405906 2993975583
m_preprocess(2, 52) = 700535401 3538611737 1226540683 1043974724
m_preprocess(2, 53) = 2162123294 2759276683 3936331210 3433272410
m_preprocess(2, 54) = 4205048548 2942637628 131543966 1040968843
m_preprocess(2, 55) = 3502797738 1791707829 635672761 400323596
m_preprocess(2, 56) = 2444636417 972659922 4196858844 1644447132
m_preprocess(2, 57) = 2632509297 3932701497 3145361967 1524287264
m_preprocess(2, 58) = 3863282133 4211342934 3086818933 3177174700
m_preprocess(2, 59) = 3869545713 2214695249 2208794454 2277752875
m_preprocess(2, 60) = 1142556923 3701069005 2457795749 1298670145
m_preprocess(2, 61) = 2604945809 4025231689 3454328957 3538611737
m_preprocess(2, 62) = 566421217 2035534628 691880754 2759276683
m_preprocess(2, 63) = 765268882 668667723 3038881137 2942637628
m_preprocess(3, 0) = 1714513507
m_preprocess(3, 1) = 825373282
m_preprocess(3, 2) = 1664575029
m_preprocess(3, 3) = 1681339492
m_preprocess(3, 4) = 1714577977
m_preprocess(3, 5) = 875835745
m_preprocess(3, 6) = 875716913
m_preprocess(3, 7) = 875968821
m_preprocess(3, 8) = 808529968
m_preprocess(3, 9) = 808464432
m_preprocess(3, 10) = 942760804
m_preprocess(3, 11) = 808608098
m_preprocess(3, 12) = 929379638
m_preprocess(3, 13) = 962934882
m_preprocess(3, 14) = 1667512627
m_preprocess(3, 15) = 825713970
m_preprocess(3, 16) = 2611414224 808464432 1323085412 1714513507
m_preprocess(3, 17) = 1580405604 942760804 3207453383 825373282
m_preprocess(3, 18) = 234555708 808608098 156733929 1664575029
m_preprocess(3, 19) = 3517399706 929379638 3867439375 1681339492
m_preprocess(3, 20) = 3173216017 962934882 3367412547 1714577977
m_preprocess(3, 21) = 220017050 1667512627 4238501352 875835745
m_preprocess(3, 22) = 3823315581 825713970 3802392153 875716913
m_preprocess(3, 23) = 23188103 2162510279 711608426 875968821
m_preprocess(3, 24) = 1903250611 2261025777 1785358954 808529968
m_preprocess(3, 25) = 1030976904 2864472764 2544844966 808464432
m_preprocess(3, 26) = 2564566888 1405623619 1514054882 942760804
m_preprocess(3, 27) = 1300368852 628206831 667934997 808608098
m_preprocess(3, 28) = 2700694909 2706899478 2370233125 929379638
m_preprocess(3, 29) = 1091076443 737204025 1692833677 962934882
m_preprocess(3, 30) = 436960506 3773275629 3137867297 1667512627
m_preprocess(3, 31) = 827536768 2463198014 3446440850 825713970
m_preprocess(3, 32) = 1566357596 2953791770 3542710472 2162510279
m_preprocess(3, 33) = 1438747423 2132038897 1957551677 2261025777
m_preprocess(3, 34) = 983188003 3405118778 2341357408 2864472764
m_preprocess(3, 35) = 694984765 117272558 2984189848 1405623619
m_preprocess(3, 36) = 698174508 189081731 971773968 628206831
m_preprocess(3, 37) = 2402179481 425681467 1122480565 2706899478
m_preprocess(3, 38) = 466061478 3267922306 547767487 737204025
m_preprocess(3, 39) = 438240420 1635435525 900737797 3773275629
m_preprocess(3, 40) = 1927207228 3494396478 4045888434 2463198014
m_preprocess(3, 41) = 4208604986 1004202361 4162911730 2953791770
m_preprocess(3, 42) = 222952596 907103494 327542496 2132038897
m_preprocess(3, 43) = 522169847 2487237038 2267666077 3405118778
m_preprocess(3, 44) = 1915612453 2362273695 1298066832 117272558
m_preprocess(3, 45) = 718331390 723988000 2912392404 189081731
m_preprocess(3, 46) = 712881711 2452722075 1069297809 425681467
m_preprocess(3, 47) = 4254569346 3340755562 3085759830 3267922306
m_preprocess(3, 48) = 907852522 3739576255 1998990545 1635435525
m_preprocess(3, 49) = 3841278822 3589637483 1330816523 3494396478
m_preprocess(3, 50) = 3958072225 92257148 1508869822 1004202361
m_preprocess(3, 51) = 1855494014 1398258242 1103831638 907103494
m_preprocess(3, 52) = 1986076191 248826229 1969738783 2487237038
m_preprocess(3, 53) = 4171491567 365615766 2394595665 2362273695
m_preprocess(3, 54) = 1144996296 1064105156 1090827676 723988000
m_preprocess(3, 55) = 2965261424 3986887551 905409102 2452722075
m_preprocess(3, 56) = 240557073 3666194714 1032753537 3340755562
m_preprocess(3, 57) = 2106498316 2268434260 2890903258 3739576255
m_preprocess(3, 58) = 949144004 969720092 377096518 3589637483
m_preprocess(3, 59) = 2298480723 2396910945 1616694505 92257148
m_preprocess(3, 60) = 1877817208 704042101 3650777865 1398258242
m_preprocess(3, 61) = 332464075 4023917128 2553760661 248826229
m_preprocess(3, 62) = 3683307071 1720345560 2996979882 365615766
m_preprocess(3, 63) = 843566407 3985293590 649125665 1064105156
m_preprocess(0, 0) = 1717909817
m_preprocess(0, 1) = 1714578533
m_preprocess(0, 2) = 875848756
m_preprocess(0, 3) = 962683442
m_preprocess(0, 4) = 1647851573
m_preprocess(0, 5) = 828530996
m_preprocess(0, 6) = 1630744632
m_preprocess(0, 7) = 808464432
m_preprocess(0, 8) = 808464432
m_preprocess(0, 9) = 808464432
m_preprocess(0, 10) = 1697854000
m_preprocess(0, 11) = 1647731506
m_preprocess(0, 12) = 1717986915
m_preprocess(0, 13) = 946091829
m_preprocess(0, 14) = 808727091
m_preprocess(0, 15) = 1684158562
m_preprocess(0, 16) = 2673079056 808464432 1595109832 1717909817
m_preprocess(0, 17) = 1529112115 1697854000 2011425091 1714578533
m_preprocess(0, 18) = 4274898898 1647731506 1003643098 875848756
m_preprocess(0, 19) = 1340286850 1717986915 1754148856 962683442
m_preprocess(0, 20) = 641691672 946091829 4127425724 1647851573
m_preprocess(0, 21) = 3020966227 808727091 2968131627 828530996
m_preprocess(0, 22) = 1588935277 1684158562 1785358954 1630744632
m_preprocess(0, 23) = 1692401575 2499595841 1785358954 808464432
m_preprocess(0, 24) = 657808335 2658002443 1785358954 808464432
m_preprocess(0, 25) = 1500775791 3507154962 2699041134 808464432
m_preprocess(0, 26) = 1437381486 1480138767 4031658029 1697854000
m_preprocess(0, 27) = 2018697593 3068093502 1402526105 1647731506
m_preprocess(0, 28) = 2035718160 3331388645 1622212753 1717986915
m_preprocess(0, 29) = 4045958720 2394230129 1827283503 946091829
m_preprocess(0, 30) = 2810715164 2490853506 1180441188 808727091
m_preprocess(0, 31) = 2418113733 1614666868 2720400747 1684158562
m_preprocess(0, 32) = 311479522 4220469023 2104721558 2499595841
m_preprocess(0, 33) = 962468938 57097690 2206728096 2658002443
m_preprocess(0, 34) = 641675340 3842081410 1572110415 3507154962
m_preprocess(0, 35) = 4161399365 117371881 2998534136 1480138767
m_preprocess(0, 36) = 368900680 623629589 3999682257 3068093502
m_preprocess(0, 37) = 2162055997 2995769653 2979506201 3331388645
m_preprocess(0, 38) = 2437150618 4142372614 3448153820 2394230129
m_preprocess(0, 39) = 3183256843 546331352 2480592953 2490853506
m_preprocess(0, 40) = 1225938799 1589329871 4014016382 1614666868
m_preprocess(0, 41) = 1214080076 973087535 2065475865 4220469023
m_preprocess(0, 42) = 2999170641 167509557 2043316757 57097690
m_preprocess(0, 43) = 2584855038 3765338732 1848140325 3842081410
m_preprocess(0, 44) = 2444904345 2878785904 3685377090 117371881
m_preprocess(0, 45) = 1369028074 3831972589 2306443559 623629589
m_preprocess(0, 46) = 2042327704 111100062 4142956663 2995769653
m_preprocess(0, 47) = 3780290386 4148984624 2732925898 4142372614
m_preprocess(0, 48) = 3806799639 4178145203 1520027176 546331352
m_preprocess(0, 49) = 2501897615 972127349 1375718051 1589329871
m_preprocess(0, 50) = 218736579 3450480913 2493631044 973087535
m_preprocess(0, 51) = 3031040770 536504628 1700148562 167509557
m_preprocess(0, 52) = 1757508847 3836106515 1182391897 3765338732
m_preprocess(0, 53) = 2621043746 702219490 402612161 2878785904
m_preprocess(0, 54) = 333856937 1919671634 3975763765 3831972589
m_preprocess(0, 55) = 4118683432 1461368778 1640704579 111100062
m_preprocess(0, 56) = 186183041 2144105590 591380843 4148984624
m_preprocess(0, 57) = 3372150001 2840968775 2991620874 4178145203
m_preprocess(0, 58) = 4239546993 1140236221 2959761946 972127349
m_preprocess(0, 59) = 2638431941 1951411399 4052598282 3450480913
m_preprocess(0, 60) = 4148425172 2309694005 2929295205 536504628
m_preprocess(0, 61) = 3325239466 1471330333 5266659 3836106515
m_preprocess(0, 62) = 567709326 3036889555 1576874122 702219490
m_preprocess(0, 63) = 3620312598 2775686802 868218448 1919671634